36 0.576612 0.192317 0.165275 0.065100
36 0.806700 0.147517 0.200450 0.041167
36 0.295300 0.065167 0.066650 0.029400
36 0.092163 0.038050 0.058325 0.016967
36 0.436437 0.096850 0.099975 0.037900
36 0.343825 0.033150 0.128400 0.041167
36 0.572213 0.129533 0.127425 0.045733
36 0.602337 0.084117 0.219075 0.071233
36 0.787850 0.075633 0.064700 0.026800
36 0.657475 0.039683 0.058800 0.024167
36 0.628075 0.006933 0.049000 0.013867
36 0.141162 0.801633 0.282325 0.213000
36 0.407550 0.485600 0.351450 0.313933
36 0.659075 0.377750 0.217650 0.132100
36 0.844550 0.517200 0.207500 0.110667
36 0.847513 0.629000 0.171075 0.099400
36 0.777212 0.803450 0.181225 0.242767
36 0.257975 0.112900 0.086550 0.026333
36 0.382712 0.164483 0.158075 0.068700
36 0.667275 0.275283 0.149950 0.057500
36 0.713837 0.181800 0.074475 0.036600