36 0.775863 0.502276 0.083490 0.018875
36 0.759931 0.483817 0.143667 0.010729
36 0.455216 0.487097 0.157725 0.022097
36 0.496382 0.547609 0.106373 0.021662
36 0.331902 0.508210 0.050667 0.007442
36 0.319137 0.499680 0.043294 0.009182
36 0.519559 0.479137 0.077118 0.008350
36 0.450814 0.472104 0.053863 0.008146
36 0.514196 0.469111 0.051961 0.006841
36 0.541578 0.460671 0.078765 0.012161
36 0.646549 0.462954 0.056627 0.007903
36 0.658314 0.470000 0.031216 0.004450
36 0.743029 0.469341 0.088333 0.009118
36 0.730902 0.460448 0.087373 0.006240
36 0.688657 0.450627 0.038216 0.005013
36 0.694951 0.444853 0.042882 0.004719
36 0.625010 0.490141 0.079196 0.010256
36 0.583049 0.452238 0.061510 0.010793
36 0.770255 0.654904 0.159333 0.039936
36 0.878902 0.751176 0.242196 0.073120
36 0.557814 0.662379 0.173941 0.041228
36 0.234471 0.518849 0.058784 0.010537
36 0.452765 0.519373 0.216431 0.040921
36 0.369314 0.492564 0.048980 0.007225
36 0.630539 0.504712 0.041941 0.007430
36 0.734069 0.542903 0.063078 0.009412
36 0.722990 0.528350 0.144961 0.023632
36 0.870461 0.551221 0.077510 0.015537
36 0.981961 0.561061 0.036078 0.010281
36 0.820971 0.518939 0.073824 0.010077
36 0.652363 0.605243 0.225157 0.019949
36 0.841775 0.590064 0.206020 0.049463
36 0.582392 0.565550 0.076510 0.014450
36 0.279765 0.597372 0.171137 0.033107
36 0.094745 0.521739 0.063608 0.011586
36 0.103598 0.548919 0.084569 0.017097
36 0.022000 0.538804 0.044000 0.011061
36 0.071147 0.577807 0.142294 0.036765
36 0.089588 0.649277 0.179176 0.069885
36 0.242490 0.716893 0.281098 0.095294
36 0.062382 0.913702 0.124765 0.172596