36 0.576523 0.660601 0.176250 0.050059
36 0.098003 0.907647 0.161025 0.126144
36 0.357104 0.972104 0.044248 0.032126
36 0.403169 0.902368 0.028291 0.019663
36 0.476431 0.787742 0.091396 0.086628
36 0.627847 0.871628 0.103369 0.051730
36 0.566919 0.711254 0.105537 0.028314
36 0.404980 0.648065 0.036270 0.015308
36 0.319575 0.702251 0.047510 0.023475
36 0.411333 0.700066 0.099736 0.032185
36 0.565103 0.610513 0.100459 0.022874
36 0.373945 0.524919 0.047852 0.009164
36 0.509922 0.553981 0.034004 0.009457