36 0.640115 0.404333 0.131646 0.041194
36 0.560927 0.831403 0.181771 0.144233
36 0.110406 0.762690 0.099333 0.085349
36 0.392547 0.428643 0.089865 0.042992
36 0.558042 0.506248 0.161167 0.076744
36 0.624651 0.222333 0.061219 0.009504
36 0.666161 0.237659 0.031740 0.014171
36 0.545547 0.185287 0.031635 0.009395
36 0.448297 0.258380 0.044135 0.017752
36 0.402979 0.290860 0.044604 0.034434
36 0.606167 0.242318 0.049000 0.013969
36 0.539286 0.249093 0.046385 0.011922
36 0.553240 0.262550 0.039771 0.009659
36 0.552703 0.281395 0.074177 0.020775
36 0.589677 0.304922 0.077042 0.022713
36 0.554849 0.328357 0.046510 0.022729
36 0.355198 0.351434 0.074667 0.025566
36 0.309995 0.391729 0.043885 0.020233
36 0.398130 0.387116 0.076094 0.033736
36 0.469812 0.337589 0.056771 0.024853
36 0.538990 0.375039 0.124521 0.045798
36 0.650505 0.331202 0.095656 0.030527