36 0.725500 0.970650 0.105267 0.058700
36 0.582467 0.785275 0.147400 0.087650
36 0.717917 0.671600 0.250300 0.066800
36 0.634700 0.626525 0.098733 0.039250
36 0.780100 0.612725 0.172467 0.050450
36 0.436317 0.612075 0.155767 0.036950
36 0.479217 0.560725 0.218567 0.061250
36 0.272250 0.515025 0.120167 0.038150
36 0.375333 0.676675 0.078600 0.028450
36 0.453033 0.483250 0.272867 0.044800
36 0.840083 0.556450 0.319833 0.105900
36 0.536783 0.437750 0.102367 0.035300
36 0.380183 0.376000 0.078433 0.016300
36 0.740017 0.466500 0.066233 0.020900
36 0.721733 0.416175 0.075800 0.026150
36 0.667483 0.393000 0.098033 0.029400
36 0.586900 0.347250 0.059667 0.015000
36 0.629583 0.370750 0.040500 0.009800
36 0.290433 0.775600 0.060533 0.153100
36 0.585050 0.515400 0.156300 0.036900
36 0.656433 0.287425 0.062733 0.011150