36 0.690547 0.821268 0.093379 0.051740
36 0.665854 0.931814 0.049756 0.023422
36 0.551138 0.491394 0.022959 0.013142
36 0.547568 0.509513 0.037383 0.011032
36 0.627119 0.539720 0.046250 0.026785
36 0.612344 0.504263 0.044512 0.015752
36 0.570356 0.631600 0.073916 0.032729
36 0.682725 0.658075 0.097344 0.026327
36 0.252129 0.743901 0.045313 0.038186
36 0.339888 0.600398 0.041064 0.027227
36 0.242925 0.843326 0.106006 0.103466
36 0.442852 0.872729 0.065254 0.038112
36 0.453306 0.803842 0.052998 0.041932
36 0.545791 0.727876 0.073555 0.043569
36 0.630879 0.771165 0.075723 0.048466
36 0.710371 0.627647 0.049277 0.020015