36 0.515039 0.470496 0.096289 0.062107
36 0.344954 0.518487 0.103318 0.079039
36 0.330181 0.259137 0.057623 0.024504
36 0.426441 0.287952 0.086771 0.034034
36 0.408476 0.324688 0.056944 0.021369
36 0.461975 0.369765 0.056227 0.026441
36 0.517851 0.549538 0.068171 0.050811
36 0.829556 0.526909 0.201011 0.067846
36 0.977681 0.717503 0.044637 0.070573
36 0.755056 0.728326 0.143376 0.116684
36 0.510395 0.883146 0.171971 0.177562
36 0.280355 0.110483 0.031381 0.009189
36 0.392149 0.105372 0.057076 0.011467
36 0.439074 0.136188 0.023156 0.010486
36 0.824495 0.420196 0.111852 0.034917
36 0.705700 0.311958 0.133893 0.062655
36 0.544527 0.211219 0.071177 0.019060
36 0.432510 0.172420 0.218623 0.034943
36 0.249579 0.125424 0.050015 0.012076
36 0.263113 0.153130 0.051590 0.011818
36 0.292052 0.212146 0.077623 0.020470