36 0.769245 0.654674 0.167706 0.036867
36 0.876118 0.751125 0.247765 0.072634
36 0.554931 0.661912 0.164373 0.038760
36 0.279480 0.596835 0.164490 0.028913
36 0.236147 0.519303 0.054294 0.009962
36 0.092922 0.521624 0.073098 0.008286
36 0.019676 0.539425 0.039353 0.009463
36 0.105157 0.549201 0.085686 0.017148
36 0.071853 0.577315 0.143706 0.032864
36 0.087647 0.646279 0.175294 0.061841
36 0.239314 0.718613 0.275255 0.091010
36 0.063971 0.915051 0.127941 0.169898
36 0.332804 0.507142 0.060941 0.007404
36 0.881275 0.498696 0.055882 0.004552
36 0.647078 0.462749 0.054314 0.008005
36 0.554627 0.462903 0.050196 0.005243
36 0.523059 0.458171 0.041176 0.005754
36 0.515216 0.468274 0.050196 0.005754
36 0.450039 0.472180 0.055255 0.007072
36 0.760647 0.484009 0.147451 0.010985
36 0.626765 0.489425 0.076941 0.012302
36 0.776402 0.502385 0.079275 0.021061
36 0.819010 0.517973 0.069980 0.009092
36 0.981098 0.560825 0.037804 0.008248
36 0.840971 0.589853 0.203392 0.046560
36 0.874039 0.551010 0.085216 0.013632
36 0.731108 0.542590 0.063275 0.009271
36 0.723882 0.526087 0.144863 0.022404
36 0.631314 0.504194 0.039255 0.007570
36 0.454431 0.486682 0.159569 0.020371
36 0.243206 0.497283 0.062490 0.011957
36 0.367275 0.491477 0.056549 0.006739
36 0.318471 0.498798 0.044157 0.006905
36 0.451078 0.520269 0.213804 0.040102
36 0.496255 0.547801 0.110000 0.017366
36 0.582765 0.565563 0.070235 0.012097
36 0.703990 0.604105 0.119745 0.018696
36 0.587049 0.602781 0.084412 0.018913
36 0.743353 0.469233 0.086078 0.008696
36 0.730804 0.459955 0.082157 0.006023
36 0.689922 0.449476 0.040784 0.003708
36 0.655706 0.469482 0.027255 0.005384
36 0.582765 0.451777 0.060588 0.010358