36 0.252346 0.638397 0.157615 0.024498
36 0.199985 0.829268 0.289185 0.126009
36 0.104162 0.745081 0.144338 0.043910
36 0.733923 0.824752 0.324246 0.086251
36 0.569188 0.752612 0.118192 0.048616
36 0.617300 0.672232 0.101462 0.035283
36 0.656688 0.642042 0.093823 0.026321
36 0.907031 0.719193 0.185938 0.060807
36 0.343527 0.615040 0.044315 0.010242
36 0.612473 0.590069 0.045715 0.007612
36 0.569912 0.572209 0.030300 0.006032
36 0.546185 0.611990 0.036431 0.012607
36 0.611335 0.560784 0.040638 0.005767
36 0.685942 0.556321 0.021715 0.004198
36 0.719135 0.617641 0.066023 0.009723
36 0.390177 0.659377 0.080015 0.019608
36 0.487481 0.654544 0.060531 0.014118
36 0.391092 0.601701 0.080200 0.009077
36 0.468265 0.572203 0.040254 0.007266
36 0.440723 0.584458 0.020277 0.007255