36 0.808987 0.353472 0.127908 0.048750
36 0.582312 0.630944 0.037598 0.028750
36 0.706883 0.587813 0.042492 0.064319
36 0.803088 0.688229 0.029804 0.043486
36 0.653382 0.720757 0.093431 0.079792
36 0.746017 0.430847 0.023047 0.031944
36 0.911250 0.542313 0.177500 0.249431
36 0.804461 0.468535 0.070474 0.046736
36 0.506483 0.525667 0.086201 0.073000
36 0.425229 0.518965 0.047582 0.041236
36 0.323607 0.611653 0.037149 0.036306
36 0.380997 0.634153 0.058954 0.058611
36 0.515020 0.642646 0.022688 0.043153
36 0.680748 0.417597 0.016609 0.012944
36 0.695641 0.271931 0.092067 0.040972