36 0.264125 0.836149 0.131750 0.068243
36 0.475475 0.929358 0.218850 0.125743
36 0.664988 0.854595 0.332525 0.125946
36 0.408300 0.777297 0.184250 0.070270
36 0.536925 0.700270 0.103000 0.052703
36 0.676925 0.612095 0.079000 0.031757
36 0.730550 0.659392 0.066250 0.034459
36 0.740300 0.756351 0.060250 0.033784
36 0.380150 0.591284 0.082200 0.034865
36 0.486075 0.487230 0.073750 0.018919
36 0.585200 0.541284 0.058000 0.024324
36 0.648075 0.511216 0.031750 0.018243
36 0.655700 0.426757 0.061000 0.016892
36 0.526950 0.425405 0.108500 0.023649
36 0.891312 0.944122 0.217375 0.111757
36 0.353125 0.510473 0.093250 0.027703
36 0.436000 0.468176 0.037000 0.020270
36 0.346025 0.716486 0.071500 0.028378