36 0.611898 0.527096 0.073797 0.019108
36 0.928875 0.425916 0.142250 0.056843
36 0.846945 0.478482 0.152109 0.027518
36 0.318766 0.478169 0.183906 0.047759
36 0.629375 0.568747 0.057906 0.016386
36 0.812281 0.597060 0.155375 0.039277
36 0.794094 0.682036 0.072375 0.026145
36 0.971820 0.719349 0.056359 0.031036
36 0.951164 0.664855 0.097672 0.053952
36 0.651508 0.661675 0.097109 0.027783
36 0.355820 0.648566 0.121016 0.028217
36 0.119383 0.708542 0.145422 0.047831
36 0.397008 0.843819 0.145422 0.043928
36 0.575625 0.750795 0.651656 0.130795
36 0.908883 0.935795 0.182234 0.099590