36 0.597422 0.406542 0.159281 0.142944
36 0.469668 0.316014 0.045695 0.024500
36 0.449926 0.398069 0.067492 0.040778
36 0.685406 0.541653 0.118562 0.096917
36 0.733309 0.449431 0.073570 0.061167
36 0.568344 0.870708 0.180391 0.258583
36 0.542418 0.287194 0.100320 0.048556
36 0.626703 0.147826 0.055141 0.028153
36 0.588340 0.189167 0.052492 0.017778
36 0.478512 0.214674 0.102773 0.043153
36 0.785020 0.264847 0.128352 0.064306
36 0.357520 0.418771 0.079398 0.098792
36 0.456012 0.536632 0.104539 0.156042
36 0.565391 0.463264 0.054875 0.048556