36 0.550950 0.281017 0.080950 0.021233
36 0.606584 0.242350 0.052489 0.014700
36 0.393326 0.428050 0.090181 0.033233
36 0.639853 0.408167 0.130837 0.044667
36 0.562093 0.505583 0.147534 0.076233
36 0.106719 0.762900 0.100271 0.088533
36 0.565928 0.830217 0.176923 0.143967
36 0.590136 0.303067 0.081674 0.022867
36 0.311414 0.390183 0.041244 0.024900
36 0.553914 0.328933 0.046199 0.016867
36 0.552613 0.262500 0.040656 0.013600
36 0.652964 0.335483 0.093529 0.027767
36 0.538563 0.374417 0.124186 0.041367
36 0.467613 0.338483 0.049525 0.020700
36 0.351561 0.352633 0.076878 0.025067
36 0.393688 0.385567 0.081312 0.028867