36 0.954295 0.090296 0.091410 0.074289
36 0.808261 0.596801 0.383478 0.218957
36 0.689493 0.026445 0.050975 0.038294
36 0.025560 0.214716 0.051120 0.058483
36 0.177516 0.698424 0.087154 0.098128
36 0.147431 0.614988 0.041001 0.033057
36 0.171634 0.474443 0.237365 0.108649
36 0.223643 0.377855 0.076008 0.056422
36 0.477708 0.685367 0.228063 0.153910
36 0.963491 0.040498 0.073017 0.080995
36 0.818399 0.123661 0.084229 0.055142
36 0.279664 0.122642 0.085520 0.072536
36 0.197563 0.061659 0.065481 0.048720
36 0.329150 0.052429 0.044440 0.046374
36 0.312069 0.014633 0.058445 0.029265
36 0.945692 0.873851 0.108617 0.227038
36 0.513755 0.068827 0.292121 0.134858
36 0.696271 0.118910 0.059763 0.042322
36 0.771344 0.346090 0.457312 0.206398
36 0.731851 0.972796 0.097589 0.054408
36 0.389295 0.112299 0.047444 0.044976
36 0.361370 0.162998 0.034440 0.043578
36 0.203261 0.230486 0.043702 0.038318
36 0.027503 0.900308 0.055007 0.186635
36 0.286166 0.965130 0.200580 0.069739
36 0.497780 0.910462 0.146759 0.179076
36 0.295665 0.615273 0.034150 0.047559