36 0.982888 0.911258 0.034224 0.117907
36 0.910250 0.894736 0.053554 0.088499
36 0.779610 0.876765 0.024424 0.068626
36 0.660846 0.845994 0.058488 0.162347
36 0.608524 0.926216 0.057367 0.078562
36 0.530881 0.871786 0.067888 0.135370
36 0.377497 0.962632 0.033173 0.074736
36 0.284389 0.978964 0.050861 0.042072
36 0.053158 0.506131 0.074725 0.120211
36 0.200205 0.495507 0.199990 0.143108
36 0.744139 0.552748 0.057307 0.072770
36 0.912968 0.624313 0.049560 0.067061
36 0.450225 0.564228 0.114304 0.108922
36 0.348694 0.585328 0.080390 0.117759
36 0.333849 0.362558 0.087858 0.208034
36 0.058403 0.275666 0.029039 0.053953
36 0.879239 0.237156 0.093714 0.207717
36 0.117027 0.260063 0.028509 0.056786