36 0.883812 0.708056 0.150550 0.068150
36 0.896656 0.827570 0.060663 0.042243
36 0.610762 0.867981 0.155725 0.111290
36 0.314950 0.959738 0.159475 0.080523
36 0.545887 0.327252 0.099200 0.022729
36 0.488150 0.361607 0.047475 0.015327
36 0.466863 0.320785 0.042350 0.020336
36 0.393744 0.326785 0.090512 0.023664
36 0.280363 0.340234 0.058425 0.019682
36 0.356125 0.356290 0.048150 0.017327
36 0.451619 0.396869 0.057462 0.029290
36 0.414425 0.437785 0.077300 0.042411
36 0.341800 0.496009 0.132675 0.044355
36 0.219312 0.500364 0.074375 0.046748
36 0.313581 0.600383 0.120113 0.076393
36 0.188819 0.641346 0.089338 0.046804
36 0.117969 0.795374 0.055087 0.089290
36 0.377600 0.789617 0.119025 0.247121
36 0.695706 0.443093 0.137712 0.051832
36 0.852038 0.469738 0.110100 0.044636
36 0.781575 0.504776 0.112350 0.063832
36 0.926987 0.532850 0.088600 0.058561
36 0.890881 0.588299 0.065162 0.051364
36 0.650769 0.539813 0.130012 0.057121
36 0.607431 0.682850 0.183937 0.098411
36 0.793294 0.626215 0.117163 0.085925
36 0.306825 0.194243 0.041250 0.010841
36 0.309012 0.210224 0.060625 0.015514
36 0.497625 0.240710 0.088275 0.013196
36 0.459100 0.257486 0.052425 0.010037
36 0.524106 0.257879 0.028887 0.011645
36 0.553794 0.267701 0.032637 0.018393
36 0.464850 0.288383 0.095825 0.019682
36 0.344156 0.259224 0.069013 0.021589
36 0.298275 0.282215 0.055375 0.018000
36 0.250744 0.259346 0.078912 0.018804
36 0.604250 0.393477 0.048150 0.025009
36 0.712794 0.331056 0.184512 0.071421
36 0.840300 0.407383 0.141375 0.046654
36 0.580087 0.451664 0.191825 0.088486