36 0.951748 0.497412 0.096504 0.102765
36 0.662505 0.259941 0.057256 0.018912
36 0.608633 0.235868 0.040254 0.008529
36 0.556987 0.250507 0.126865 0.016632
36 0.575229 0.270316 0.106377 0.015985
36 0.910264 0.628162 0.128437 0.092794
36 0.505596 0.853640 0.241152 0.279132
36 0.510474 0.630184 0.132783 0.104544
36 0.727793 0.572294 0.092422 0.063382
36 0.578350 0.288588 0.097812 0.021441
36 0.694102 0.279713 0.048828 0.015985
36 0.592769 0.317993 0.102158 0.023632
36 0.647368 0.348096 0.136865 0.033397
36 0.782861 0.392390 0.129883 0.067603
36 0.731914 0.415787 0.098066 0.045750
36 0.673335 0.469037 0.038193 0.022868
36 0.560293 0.392559 0.105449 0.036000
36 0.550312 0.491559 0.129746 0.056265