36 0.744667 0.646590 0.035760 0.033526
36 0.041773 0.965337 0.083547 0.069326
36 0.351587 0.893902 0.146267 0.102794
36 0.202340 0.691898 0.404680 0.215780
36 0.414947 0.744181 0.119653 0.064393
36 0.414947 0.813073 0.058453 0.038208
36 0.505913 0.816840 0.068520 0.043738
36 0.533527 0.593709 0.056360 0.032582
36 0.638293 0.739123 0.098933 0.088073
36 0.680667 0.588044 0.124400 0.040482
36 0.739347 0.553565 0.059387 0.022389
36 0.706140 0.677129 0.041800 0.029672
36 0.794800 0.604701 0.032613 0.025125