36 0.181487 0.541433 0.103275 0.040667
36 0.482775 0.310767 0.037750 0.010333
36 0.494950 0.326967 0.077100 0.017933
36 0.580025 0.325250 0.040250 0.010033
36 0.545150 0.341417 0.065000 0.015033
36 0.606025 0.342583 0.038750 0.010033
36 0.511375 0.390433 0.054000 0.020667
36 0.528375 0.435100 0.090500 0.026000
36 0.400300 0.346333 0.109400 0.047333
36 0.357500 0.378433 0.061750 0.017333
36 0.270487 0.404100 0.118225 0.029333
36 0.311750 0.442433 0.064750 0.021333
36 0.248000 0.472933 0.067250 0.021000
36 0.131875 0.583667 0.103750 0.040000
36 0.078900 0.665983 0.157800 0.093300
36 0.726225 0.521967 0.096000 0.035667
36 0.620725 0.484133 0.155500 0.048000
36 0.420100 0.509800 0.085750 0.032000
36 0.545350 0.570300 0.081750 0.041000
36 0.430975 0.616467 0.094500 0.043333
36 0.580725 0.643467 0.114000 0.052667
36 0.423662 0.716967 0.212175 0.103267
36 0.654912 0.850883 0.143975 0.132767