36 0.556129 0.281521 0.073727 0.023986
36 0.558262 0.822005 0.186070 0.154700
36 0.107598 0.766054 0.096398 0.085933
36 0.556660 0.504649 0.167695 0.075772
36 0.639902 0.406112 0.131836 0.041924
36 0.651352 0.333145 0.095641 0.029954
36 0.538172 0.373710 0.127031 0.041382
36 0.393785 0.426256 0.100445 0.038664
36 0.395258 0.386238 0.085672 0.033767
36 0.352059 0.349205 0.073117 0.025046
36 0.470594 0.335593 0.054656 0.026141
36 0.554789 0.327967 0.044313 0.018514
36 0.592453 0.303738 0.073859 0.024505
36 0.609020 0.241025 0.050867 0.017373
36 0.552711 0.261826 0.038250 0.009804
36 0.538926 0.248750 0.046586 0.014528
36 0.547258 0.185720 0.029063 0.008859
36 0.555594 0.175323 0.036328 0.008226
36 0.608590 0.195328 0.035477 0.008537
36 0.623121 0.180363 0.044023 0.013260
36 0.579957 0.166970 0.027352 0.007281
36 0.450801 0.258646 0.055023 0.016878
36 0.311145 0.392218 0.042539 0.019689