36 0.643604 0.720317 0.130833 0.160033
36 0.491667 0.438967 0.057917 0.056600
36 0.606458 0.441933 0.036333 0.032867
36 0.251979 0.417950 0.090708 0.057700
36 0.769198 0.400283 0.135479 0.074433
36 0.710760 0.461683 0.086063 0.074433
36 0.932719 0.365383 0.134562 0.073500
36 0.604354 0.543083 0.139542 0.136767
36 0.493875 0.737517 0.054667 0.116300
36 0.885615 0.556117 0.228771 0.133033
36 0.132802 0.899450 0.126438 0.201100
36 0.284948 0.639667 0.396063 0.293533
36 0.689771 0.878017 0.087208 0.134900
36 0.816010 0.823583 0.123271 0.137700
36 0.953948 0.798467 0.092104 0.148867
36 0.834615 0.666350 0.163979 0.132100