36 0.657227 0.763917 0.148578 0.154667
36 0.701953 0.451542 0.192094 0.148583
36 0.561680 0.490167 0.055234 0.093944
36 0.468320 0.470222 0.105078 0.140778
36 0.555570 0.611389 0.067453 0.056556
36 0.563383 0.832528 0.064516 0.076556
36 0.373008 0.670472 0.120734 0.259889
36 0.362641 0.506444 0.078594 0.100111
36 0.198141 0.409000 0.201219 0.276444
36 0.249445 0.587250 0.086797 0.099056
36 0.625852 0.656361 0.033922 0.037833
36 0.732516 0.696472 0.028094 0.044167
36 0.808687 0.662792 0.070469 0.101361
36 0.509742 0.959278 0.089016 0.081444
36 0.593328 0.307472 0.096750 0.059722
36 0.715141 0.169722 0.054031 0.103000
36 0.736328 0.288222 0.167187 0.132778
36 0.619961 0.031597 0.099891 0.063194
36 0.703797 0.018875 0.047781 0.037750
36 0.738078 0.080222 0.060750 0.066722
36 0.764680 0.017917 0.045891 0.035833
36 0.814086 0.046389 0.031859 0.028778
36 0.798852 0.076236 0.034047 0.023861
36 0.822148 0.110417 0.046109 0.039778
36 0.489578 0.283056 0.092875 0.127722
36 0.347109 0.314347 0.109000 0.131194
36 0.123984 0.231347 0.153469 0.095583
36 0.755711 0.936708 0.139297 0.126583
36 0.820477 0.824750 0.144672 0.159889