36 0.726797 0.232194 0.073463 0.039851
36 0.771260 0.963985 0.129772 0.072030
36 0.370496 0.833090 0.148959 0.206537
36 0.539577 0.614224 0.244033 0.181224
36 0.325260 0.474881 0.303431 0.171313
36 0.077650 0.304537 0.100927 0.058269
36 0.184089 0.342567 0.080211 0.064716
36 0.290309 0.344985 0.051122 0.029134
36 0.327772 0.266507 0.232715 0.071224
36 0.309805 0.198343 0.046211 0.026418
36 0.242000 0.207045 0.048358 0.030328
36 0.977407 0.361866 0.045187 0.056328
36 0.689886 0.191433 0.057659 0.026985
36 0.778772 0.147239 0.080439 0.026358