36 0.365862 0.963417 0.092625 0.071900
36 0.554063 0.891867 0.102425 0.101267
36 0.330087 0.813433 0.050475 0.046400
36 0.243600 0.744183 0.064700 0.045100
36 0.370037 0.739600 0.067625 0.050333
36 0.319312 0.671000 0.051475 0.033333
36 0.110288 0.592900 0.083325 0.039200
36 0.273725 0.551733 0.083800 0.041800
36 0.541813 0.504050 0.071075 0.037900
36 0.050250 0.525600 0.084800 0.027467
36 0.183550 0.465150 0.064200 0.032033
36 0.031862 0.417450 0.063725 0.034633
36 0.462662 0.335450 0.055875 0.024833
36 0.509813 0.378233 0.050575 0.027467