36 0.024615 0.601731 0.049229 0.039204
36 0.327500 0.436398 0.161042 0.078426
36 0.432833 0.386056 0.049104 0.022370
36 0.707000 0.948204 0.094208 0.103593
36 0.491146 0.949019 0.194812 0.101963
36 0.217396 0.489333 0.104021 0.036593
36 0.219734 0.866898 0.439469 0.266204
36 0.524078 0.657380 0.322865 0.107315
36 0.650297 0.798028 0.247865 0.154463
36 0.834703 0.603546 0.330594 0.502574
36 0.516547 0.488815 0.070760 0.038111
36 0.336438 0.548454 0.035833 0.032130
36 0.141745 0.545065 0.124240 0.055537