36 0.516513 0.850388 0.115225 0.152621
36 0.475500 0.671699 0.142550 0.153592
36 0.344012 0.540340 0.101725 0.092136
36 0.580000 0.514660 0.068500 0.063204
36 0.476762 0.492621 0.061375 0.053301
36 0.589487 0.385291 0.065775 0.063883
36 0.718512 0.391238 0.058675 0.067816
36 0.368925 0.445364 0.067950 0.060049
36 0.234775 0.391796 0.094750 0.075728
36 0.174275 0.289830 0.134750 0.089369
36 0.269525 0.219951 0.066250 0.044660
36 0.346900 0.286214 0.066000 0.047087
36 0.346525 0.337646 0.054250 0.046165
36 0.508275 0.198592 0.102250 0.050485
36 0.745600 0.248592 0.058250 0.040291
36 0.906788 0.128617 0.177275 0.108689