36 0.251486 0.785872 0.070889 0.059516
36 0.479905 0.413167 0.111514 0.049677
36 0.832152 0.743592 0.180650 0.088710
36 0.920770 0.874516 0.158461 0.096774
36 0.291840 0.576730 0.305407 0.116305
36 0.671440 0.526261 0.426815 0.151877
36 0.622337 0.612779 0.155934 0.117287
36 0.345798 0.787735 0.114395 0.080748
36 0.325025 0.918864 0.195877 0.162273
36 0.429765 0.491276 0.194247 0.063284
36 0.081058 0.522507 0.132650 0.106540
36 0.373588 0.669494 0.046947 0.036525
36 0.192469 0.766679 0.047770 0.041158
36 0.233296 0.694971 0.150543 0.056716