36 0.831766 0.343268 0.128571 0.061178
36 0.131597 0.722483 0.263195 0.238083
36 0.143506 0.390312 0.287013 0.211709
36 0.837318 0.481120 0.088896 0.069630
36 0.608727 0.329145 0.066675 0.042356
36 0.425909 0.374319 0.238649 0.157136
36 0.919188 0.185173 0.161623 0.093164
36 0.641539 0.202113 0.071961 0.031062
36 0.586766 0.231755 0.139169 0.043279
36 0.459773 0.260462 0.303208 0.068684
36 0.108052 0.235520 0.216104 0.063972
36 0.217156 0.173418 0.310078 0.063972
36 0.360292 0.100485 0.074610 0.025404
36 0.411623 0.142841 0.055558 0.027298
36 0.499195 0.179215 0.139688 0.026328
36 0.555039 0.150104 0.084519 0.026120
36 0.558864 0.117159 0.124013 0.039769
36 0.795422 0.239134 0.150039 0.101824
36 0.719175 0.178961 0.061857 0.023972
36 0.722844 0.146559 0.082675 0.033210
36 0.809968 0.126420 0.128299 0.033210